test version 1.0
Reading from JSP_TW_Overlapping.lp ...
Solving...
Solving...
Solving...
Solving...
Solving...
Solving...
Solving...
Solving...
Solving...
Solving...
Solving...
Solving...
Solving...
Solving...
Solving...
Solving...
Solving...
Solving...
Solving...
Solving...
Solving...
Solving...
Solving...
Solving...
Solving...
Solving...
Solving...
Solving...
Solving...
Solving...
Solving...
Solving...
Solving...
Solving...
Solving...
Solving...
Solving...
Solving...
Solving...
Solving...
Solving...
Solving...
Solving...
Solving...
Solving...
Solving...
Solving...
Solving...
Solving...
Solving...
Solving...
Solving...
Solving...
Solving...
Solving...
Solving...
Solving...
Solving...
Solving...
Solving...
Solving...
Solving...
Solving...
Solving...
Solving...
Solving...
Solving...
Solving...
Solving...
Solving...
Solving...
Solving...
Solving...
Solving...
Solving...
Solving...
Solving...
Solving...
Solving...
Solving...
Solving...
Solving...
Solving...
Solving...
Solving...
Solving...
Solving...
Solving...
Solving...
Solving...
Solving...
Solving...
Solving...
Solving...
Solving...
Solving...
Solving...
Solving...
Solving...
Solving...
Solving...
Solving...
Solving...
Solving...
Solving...
Solving...
Solving...
Solving...
Solving...
Solving...
Solving...
Solving...
Solving...
Solving...
Solving...
Solving...
Solving...
Solving...
Solving...
Solving...
Solving...
Solving...
Solving...
Solving...
Solving...
Solving...
Solving...
Solving...
Solving...
Solving...
Solving...
Solving...
Solving...
Solving...
Solving...
Solving...
Solving...
Solving...
Solving...
Solving...
Solving...
Solving...
Solving...
Solving...
Solving...
Solving...
Solving...
Solving...
Solving...
Solving...
Solving...
Solving...
Solving...
Solving...
Solving...
Solving...
Solving...
Solving...
Solving...
Solving...
Solving...
Solving...
Solving...
Solving...
Solving...
Solving...
Solving...
Solving...
Solving...
Solving...
Solving...
Solving...
Solving...
Solving...
Solving...
Solving...
Solving...
Solving...
Solving...
Solving...
Solving...
Solving...
Solving...
Solving...
Solving...
Solving...
Solving...
Solving...
Solving...
Solving...
Solving...
Solving...
Solving...
Solving...
Solving...
Solving...
Solving...
Solving...
Solving...
Solving...
Solving...
Solving...
Solving...
Solving...
Solving...
Solving...
Solving...
Solving...
Solving...
Solving...
Solving...
Solving...
Solving...
Solving...
Solving...
Solving...
Solving...
Solving...
Solving...
Solving...
Solving...
Solving...
Solving...
Solving...
Solving...
Solving...
Solving...
Solving...
Solving...
Solving...
Solving...
Solving...
Solving...
Solving...
Solving...
Solving...
Solving...
Solving...
Solving...
Solving...
Solving...
Solving...
Solving...
Solving...
Solving...
Solving...
Solving...
Solving...
Solving...
Solving...
Solving...
Solving...
Solving...
Solving...
Solving...
Solving...
Solving...
Solving...
Solving...
Solving...
Solving...
Solving...
Solving...
Solving...
Solving...
Solving...
Solving...
Solving...
Solving...
Solving...
Solving...
Solving...
Solving...
Solving...
Solving...
Solving...
Solving...
Solving...
Solving...
Solving...
Solving...
Solving...
Solving...
Solving...
Solving...
Solving...
Solving...
Solving...
Solving...
Solving...
Solving...
Solving...
Solving...
Solving...
Solving...
Solving...
Solving...
Solving...
Solving...
Solving...
Solving...
Solving...
Solving...
Solving...
Solving...
Solving...
Solving...
Solving...
Solving...
Solving...
Solving...
Solving...
Solving...
Solving...
Solving...
Solving...
Solving...
Solving...
Solving...
Solving...
Solving...
Solving...
Solving...
Solving...
Solving...
Solving...
Solving...
Solving...
Solving...
Solving...
Solving...
Solving...
Solving...
Solving...
Solving...
Solving...
Solving...
Solving...
Solving...
Solving...
Solving...
Solving...
Solving...
Solving...
Solving...
Solving...
Solving...
Solving...
Solving...
Solving...
Solving...
Solving...
Solving...
Solving...
Solving...
Solving...
Solving...
Solving...
Solving...
Solving...
Solving...
Solving...
Solving...
Solving...
Solving...
Solving...
Solving...
Solving...
Solving...
Solving...
Solving...
Solving...
Solving...
Solving...
Solving...
Solving...
Solving...
Solving...
Solving...
Solving...
Solving...
Solving...
Solving...
Solving...
Solving...
Solving...
Solving...
Solving...
Solving...
Solving...
Solving...
Solving...
Solving...
Solving...
Solving...
Solving...
Solving...
Solving...
Solving...
Solving...
Solving...
Solving...
Solving...
Solving...
Solving...
Solving...
Solving...
Solving...
Solving...
Solving...
Solving...
Solving...
Solving...
Solving...
Solving...
Solving...
Solving...
Solving...
Solving...
Solving...
Solving...
Solving...
Solving...
Solving...
Solving...
Solving...
Solving...
Solving...
Solving...
Solving...
Solving...
Solving...
Solving...
Solving...
Solving...
Solving...
Solving...
Solving...
Solving...
Solving...
Solving...
Solving...
Solving...
Solving...
Solving...
Solving...
Solving...
Solving...
Solving...
Solving...
Solving...
Solving...
Solving...
Solving...
Solving...
Solving...
Solving...
Solving...
Solving...
Solving...
Solving...
Solving...
Solving...
Solving...
Solving...
Solving...
Solving...
Solving...
Solving...
Solving...
Solving...
Solving...
Solving...
Solving...
Solving...
Solving...
Solving...
Solving...
Solving...
Solving...
Solving...
Solving...
Solving...
Solving...
Solving...
Solving...
Solving...
Solving...
Solving...
Solving...
Solving...
Solving...
Solving...
Solving...
Solving...
Solving...
Solving...
Solving...
Solving...
Solving...
Solving...
Solving...
Solving...
Solving...
Solving...
Solving...
Solving...
Solving...
Solving...
Solving...
Solving...
Solving...
Solving...
Solving...
Solving...
Solving...
Solving...
Solving...
Solving...
Solving...
Solving...
Solving...
Solving...
Solving...
Solving...
Solving...
Solving...
Solving...
Solving...
Solving...
Solving...
Solving...
Solving...
Solving...
Solving...
Solving...
Solving...
Solving...
Solving...
Solving...
Solving...
Solving...
Solving...
Solving...
Solving...
Solving...
Solving...
Solving...
Solving...
Solving...
Solving...
Solving...
Solving...
Solving...
Solving...
Solving...
Solving...
Solving...
Solving...
Solving...
Solving...
Solving...
Solving...
Solving...
Solving...
Solving...
Solving...
Solving...
Solving...
Solving...
Solving...
Solving...
Solving...
Solving...
Solving...
Solving...
Solving...
Solving...
Solving...
Solving...
Solving...
Solving...
Solving...
Solving...
Solving...
Solving...
Solving...
Solving...
Solving...
Solving...
Solving...
Solving...
Solving...
Solving...
Solving...
Solving...
Solving...
Solving...
Solving...
Solving...
Solving...
Solving...
Solving...
Solving...
Solving...
Solving...
Solving...
Solving...
Solving...
Solving...
Solving...
Solving...
Solving...
Solving...
Solving...
Solving...
Solving...
Solving...
Solving...
Solving...
Solving...
Solving...
Solving...
Solving...
Solving...
Solving...
Solving...
Solving...
Solving...
Solving...
Solving...
Solving...
Solving...
Solving...
Solving...
Solving...
Solving...
Solving...
Solving...
Solving...
Solving...
Solving...
Solving...
Solving...
Solving...
Solving...
Solving...
Solving...
Solving...
Solving...
Solving...
Solving...
Solving...
Solving...
Solving...
Solving...
Solving...
Solving...
Solving...
Solving...
Solving...
Solving...
Solving...
Solving...
Solving...
Solving...
Solving...
Solving...
Solving...
Solving...
Solving...
Solving...
Solving...
Solving...
Solving...
Solving...
Solving...
Solving...
Solving...
Solving...
Solving...
Solving...
Solving...
Solving...
Solving...
Solving...
Solving...
Solving...
Solving...
Solving...
Solving...
Solving...
Solving...
Solving...
Solving...
Solving...
Solving...
Solving...
Solving...
Solving...
Solving...
Solving...
Solving...
Solving...
Solving...
Solving...
Solving...
Solving...
Solving...
Solving...
Solving...
Solving...
Solving...
Solving...
Solving...
Solving...
Solving...
Solving...
Solving...
Solving...
Solving...
Solving...
Solving...
Solving...
Solving...
Solving...
Solving...
Solving...
Solving...
Solving...
Solving...
Solving...
Solving...
Solving...
Solving...
Solving...
Solving...
Solving...
Solving...
Solving...
Solving...
Solving...
Solving...
Solving...
Solving...
Solving...
Solving...
Solving...
Solving...
Solving...
Solving...
Solving...
Solving...
Solving...
Solving...
Solving...
Solving...
Solving...
Solving...
Solving...
Solving...
Solving...
Solving...
Solving...
Solving...
Solving...
Solving...
Solving...
Solving...
Solving...
Solving...
Solving...
Solving...
Solving...
Solving...
Solving...
Solving...
Solving...
Solving...
Solving...
Solving...
Solving...
Solving...
Solving...
Solving...
Solving...
Solving...
Solving...
Solving...
Solving...
Solving...
Solving...
Solving...
Solving...
Solving...
Solving...
Solving...
Solving...
Solving...
Solving...
Solving...
Solving...
Solving...
Solving...
Solving...
Solving...
Solving...
Solving...
Solving...
Solving...
Solving...
Solving...
Solving...
Solving...
Solving...
Solving...
Solving...
Solving...
Solving...
Solving...
Solving...
Solving...
Solving...
Solving...
Solving...
Solving...
Solving...
Solving...
Solving...
Solving...
Solving...
Solving...
Solving...
Solving...
Solving...
Solving...
Solving...
Solving...
Solving...
Solving...
Solving...
Solving...
Solving...
Solving...
Solving...
Solving...
Solving...
Solving...
Solving...
Solving...
Solving...
Solving...
Solving...
Solving...
Solving...
Solving...
Solving...
Solving...
Solving...
Solving...
Solving...
Solving...
Solving...
Solving...
Solving...
Solving...
Solving...
Solving...
Solving...
Solving...
Solving...
Solving...
Solving...
Solving...
Solving...
Solving...
Solving...
Solving...
Solving...
Solving...
Solving...
Solving...
Solving...
Solving...
Solving...
Solving...
Solving...
Solving...
Solving...
Solving...
Solving...
Solving...
Solving...
Solving...
Solving...
Solving...
Solving...
Solving...
Solving...
Solving...
Solving...
Solving...
Solving...
Solving...
Solving...
Solving...
Solving...
Solving...
Solving...
Solving...
Solving...
Solving...
Solving...
Solving...
Solving...
Solving...
Solving...
Solving...
Solving...
Solving...
Solving...
Solving...
Solving...
Solving...
Solving...
Solving...
Solving...
Solving...
Solving...
Solving...
Solving...
Solving...
Solving...
Solving...
Solving...
Solving...
Solving...
Solving...
Solving...
Solving...
Solving...
Solving...
Solving...
Solving...
Solving...
Solving...
Solving...
Solving...
Solving...
Solving...
Solving...
Solving...
Solving...
Solving...
Solving...
Solving...
Solving...
Solving...
Solving...
Solving...
Solving...
Solving...
Solving...
Solving...
Solving...
Solving...
Solving...
Solving...
Solving...
Solving...
Solving...
Solving...
Solving...
Solving...
Solving...
Solving...
Solving...
Solving...
Solving...
Solving...
Solving...
Solving...
Solving...
Solving...
Solving...
Solving...
Solving...
Solving...
Solving...
Solving...
Solving...
Solving...
Solving...
Solving...
Solving...
Solving...
Solving...
Solving...
Solving...
Solving...
Solving...
Solving...
Solving...
Solving...
Solving...
Solving...
Solving...
Solving...
Solving...
Solving...
Solving...
Solving...
Solving...
Solving...
Solving...
Solving...
Solving...
Solving...
Solving...
Solving...
Solving...
Solving...
Solving...
Solving...
Solving...
Solving...
Solving...
Solving...
Solving...
Solving...
Solving...
Solving...
Solving...
Solving...
Solving...
Solving...
Solving...
Solving...
Solving...
Solving...
Solving...
Solving...
Solving...
Solving...
Solving...
Solving...
Solving...
Solving...
Solving...
Solving...
Solving...
Solving...
Solving...
Solving...
Solving...
Solving...
Solving...
Solving...
Solving...
Solving...
Solving...
Solving...
Solving...
Solving...
Solving...
Solving...
Solving...
Solving...
Solving...
Solving...
Solving...
Solving...
Solving...
Solving...
Solving...
Solving...
Solving...
Solving...
Solving...
Solving...
Solving...
Solving...
Solving...
Solving...
Solving...
Solving...
Solving...
Solving...
Solving...
Solving...
Solving...
Solving...
Solving...
Solving...
Solving...
Solving...
Solving...
Solving...
Solving...
Solving...
Solving...
Solving...
Solving...
Solving...
Solving...
Solving...
Solving...
Solving...
Solving...
Solving...
Solving...
Solving...
Solving...
Solving...
Solving...
Solving...
Solving...
Solving...
Solving...
Solving...
Solving...
Solving...
Solving...
Solving...
Solving...
Solving...
Solving...
Solving...
Solving...
Solving...
Solving...
Solving...
Solving...
Solving...
Solving...
Solving...
Solving...
Solving...
Solving...
Solving...
Solving...
Solving...
Solving...
Solving...
Solving...
Solving...
Solving...
Solving...
Solving...
Solving...
Solving...
Solving...
Solving...
Solving...
Solving...
Solving...
Solving...
Solving...
Solving...
Solving...
Solving...
Solving...
Solving...
Solving...
Solving...
Solving...
Solving...
Solving...
Solving...
Solving...
Solving...
Solving...
Solving...
Solving...
Solving...
Solving...
Solving...
Solving...
Solving...
Solving...
Solving...
Solving...
Solving...
Solving...
Solving...
Solving...
Solving...
Solving...
Solving...
Solving...
Solving...
Solving...
Solving...
Solving...
Solving...
Solving...
Solving...
Solving...
Solving...
Solving...
Solving...
Solving...
Solving...
Solving...
Solving...
Solving...
Solving...
Solving...
Solving...
Solving...
Solving...
Solving...
Solving...
Solving...
Solving...
Solving...
Solving...
Solving...
Solving...
Solving...
Solving...
Solving...
Solving...
Solving...
Solving...
Solving...
Solving...
Solving...
Solving...
Solving...
Solving...
Solving...
Solving...
Solving...
Solving...
Solving...
Solving...
Solving...
Solving...
Solving...
Solving...
Solving...
Solving...
Solving...
Solving...
Solving...
Solving...
Solving...
Solving...
Solving...
Solving...
Solving...
Solving...
Solving...
Solving...
Solving...
Solving...
Solving...
Solving...
Solving...
Solving...
Solving...
Solving...
Solving...
Solving...
Solving...
Solving...
Solving...
Solving...
Solving...
Solving...
Solving...
Solving...
Solving...
Solving...
Solving...
Solving...
Solving...
Solving...
Solving...
Solving...
Solving...
Solving...
Solving...
Solving...
Solving...
Solving...
Solving...
Solving...
Solving...
Solving...
Solving...
Solving...
Solving...
Solving...
Solving...
Solving...
Solving...
Solving...
Solving...
Solving...
Solving...
Solving...
Solving...
Solving...
Solving...
Solving...
Solving...
Solving...
Solving...
Solving...
Solving...
Solving...
Solving...
Solving...
Solving...
Solving...
Solving...
Solving...
Solving...
Solving...
Solving...
Solving...
Solving...
Solving...
Solving...
Solving...
Solving...
Solving...
Solving...
Solving...
Solving...
Solving...
Solving...
Solving...
Solving...
Solving...
Solving...
Solving...
Solving...
Solving...
Solving...
Solving...
Solving...
Solving...
Solving...
Solving...
Solving...
Solving...
Solving...
Solving...
Solving...
Solving...
Solving...
Solving...
Solving...
Solving...
Solving...
Solving...
Solving...
Solving...
Solving...
Solving...
Solving...
Solving...
Solving...
Solving...
Solving...
Solving...
Solving...
Solving...
Solving...
Solving...
Solving...
Solving...
Solving...
Solving...
Solving...
Solving...
Solving...
Solving...
Solving...
Solving...
Solving...
Solving...
Solving...
Solving...
Solving...
Solving...
Solving...
Solving...
Solving...
Solving...
Solving...
Solving...
Solving...
Solving...
Solving...
Solving...
Solving...
Solving...
Solving...
Solving...
Solving...
Solving...
Solving...
Solving...
Solving...
Solving...
Solving...
Solving...
Solving...
Solving...
Solving...
Solving...
Solving...
Solving...
Solving...
Solving...
Solving...
Solving...
Solving...
Solving...
Solving...
Solving...
Solving...
Solving...
Solving...
Solving...
Solving...
Solving...
Solving...
Solving...
Solving...
Solving...
Solving...
Solving...
Solving...
Solving...
Solving...
Solving...
Solving...
Solving...
Solving...
Solving...
Solving...
Solving...
Solving...
Solving...
Solving...
Solving...
Solving...
Solving...
Solving...
Solving...
Solving...
Solving...
Solving...
Solving...
Solving...
Solving...
Solving...
Solving...
Solving...
Solving...
Solving...
Solving...
Solving...
Solving...
Solving...
Solving...
Solving...
Solving...
Solving...
Solving...
Solving...
Solving...
Solving...
Solving...
Solving...
Solving...
Solving...
Solving...
Solving...
Solving...
Solving...
Solving...
Solving...
Solving...
Solving...
Solving...
Solving...
Solving...
Solving...
Solving...
Solving...
Solving...
Solving...
Solving...
Solving...
Solving...
Solving...
Solving...
Solving...
Solving...
Solving...
Solving...
Solving...
Solving...
Solving...
Solving...
Solving...
Solving...
Solving...
Solving...
Solving...
Solving...
Solving...
Solving...
Solving...
Solving...
Solving...
Solving...
Solving...
Solving...
Solving...
Solving...
Solving...
Solving...
Solving...
Solving...
Solving...
Solving...
Solving...
Solving...
Solving...
Solving...
Solving...
Solving...
Solving...
Solving...
Solving...
Solving...
Solving...
Solving...
Solving...
Solving...
Solving...
Solving...
Solving...
Solving...
Solving...
Solving...
Solving...
Solving...
Solving...
Solving...
Solving...
Solving...
Solving...
Solving...
Solving...
Solving...
Solving...
Solving...
Solving...
Solving...
Solving...
Solving...
Solving...
Solving...
Solving...
Solving...
Solving...
Solving...
Solving...
Solving...
Solving...
Solving...
Solving...
Solving...
Solving...
Solving...
Solving...
Solving...
Solving...
Solving...
Solving...
Solving...
Solving...
Solving...
Solving...
Solving...
Solving...
Solving...
Solving...
Solving...
Solving...
Solving...
Solving...
Solving...
Solving...
Solving...
Solving...
Solving...
Solving...
Solving...
Solving...
Solving...
Solving...
Solving...
Solving...
Solving...
Solving...
Solving...
Solving...
Solving...
Solving...
Solving...
Solving...
Solving...
Solving...
Solving...
Solving...
Solving...
Solving...
Solving...
Solving...
Solving...
Solving...
Solving...
Solving...
Solving...
Solving...
Solving...
Solving...
Solving...
Solving...
Solving...
Solving...
Solving...
Solving...
Solving...
Solving...
Solving...
Solving...
Solving...
Solving...
Solving...
Solving...
Solving...
Solving...
Solving...
Solving...
Solving...
Solving...
Solving...
Solving...
Solving...
Solving...
Solving...
Solving...
Solving...
Solving...
Solving...
Solving...
Solving...
Solving...
Solving...
Solving...
Solving...
Solving...
Solving...
Solving...
Solving...
Solving...
Solving...
Solving...
Solving...
Solving...
Solving...
Solving...
Solving...
Solving...
Solving...
Solving...
Solving...
Solving...
Solving...
Solving...
Solving...
Solving...
Solving...
Solving...
Solving...
Solving...
Solving...
Solving...
Solving...
Solving...
Solving...
Solving...
Solving...
Solving...
Solving...
Solving...
Solving...
Solving...
Solving...
Solving...
Solving...
Solving...
Solving...
Solving...
Solving...
Solving...
Solving...
Solving...
Solving...
Solving...
Solving...
Solving...
Solving...
Solving...
Solving...
Solving...
Solving...
Solving...
Solving...
Solving...
Solving...
Solving...
Solving...
Solving...
Solving...
Solving...
Solving...
Solving...
Solving...
Solving...
Solving...
Solving...
Solving...
Solving...
Solving...
Solving...
Solving...
Solving...
Solving...
Solving...
Solving...
Solving...
Solving...
Solving...
Solving...
Solving...
Solving...
Solving...
Solving...
Solving...
Solving...
Solving...
Solving...
Solving...
Solving...
Solving...
Solving...
Solving...
Solving...
Solving...
Solving...
Solving...
Solving...
Solving...
Solving...
Solving...
Solving...
Solving...
Solving...
Solving...
Solving...
Solving...
Solving...
Solving...
Solving...
Solving...
Solving...
Solving...
Solving...
Solving...
Solving...
Solving...
Solving...
Solving...
Solving...
Solving...
Solving...
Solving...
Solving...
Solving...
Solving...
Solving...
Solving...
Solving...
Solving...
Solving...
Solving...
Solving...
Solving...
Solving...
Solving...
Solving...
Solving...
Solving...
Solving...
Solving...
Solving...
Solving...
Solving...
Solving...
Solving...
Solving...
Solving...
Solving...
Solving...
Solving...
Solving...
Solving...
Solving...
Solving...
Solving...
Solving...
Solving...
Solving...
Solving...
Solving...
Solving...
Solving...
Solving...
Solving...
Solving...
Solving...
Solving...
Solving...
Solving...
Solving...
Solving...
Solving...
Solving...
Solving...
Solving...
Solving...
Solving...
Solving...
Solving...
Solving...
Solving...
Solving...
Solving...
Solving...
Solving...
Solving...
Solving...
Solving...
Solving...
Solving...
Solving...
Solving...
Solving...
Solving...
Solving...
Solving...
Solving...
Solving...
Solving...
Solving...
Solving...
Solving...
Solving...
Solving...
Solving...
Solving...
Solving...
Solving...
Solving...
Solving...
Solving...
Solving...
Solving...
Solving...
Solving...
Solving...
Solving...
Solving...
Solving...
Solving...
Solving...
Solving...
Solving...
Solving...
Solving...
Solving...
Solving...
Solving...
Solving...
Solving...
Solving...
Solving...
Solving...
Solving...
Solving...
Solving...
Solving...
Solving...
Solving...
Solving...
Solving...
Solving...
Solving...
Solving...
Solving...
Solving...
Solving...
Solving...
Solving...
Solving...
Solving...
Solving...
Solving...
Solving...
Solving...
Solving...
Solving...
Solving...
Solving...
Solving...
Solving...
Solving...
Solving...
Solving...
Solving...
Solving...
Solving...
Solving...
Solving...
Solving...
Solving...
Solving...
Solving...
Solving...
Solving...
Solving...
Solving...
Solving...
Solving...
Solving...
Solving...
Solving...
Solving...
Solving...
Solving...
Solving...
Solving...
Solving...
Solving...
Solving...
Solving...
Solving...
Solving...
Solving...
Solving...
Solving...
Solving...
Solving...
Solving...
Solving...
Solving...
Solving...
Solving...
Solving...
Solving...
Solving...
Solving...
Solving...
Solving...
Solving...
Solving...
Solving...
Solving...
Solving...
Solving...
Solving...
Solving...
Solving...
Solving...
Solving...
Solving...
Solving...
Solving...
Solving...
Solving...
Solving...
Solving...
Solving...
Solving...
Solving...
Solving...
Solving...
Solving...
Solving...
Solving...
Solving...
Solving...
Solving...
Solving...
Solving...
Solving...
Solving...
Solving...
Solving...
Solving...
Solving...
Solving...
Solving...
Solving...
Solving...
Solving...
Solving...
Solving...
Solving...
Solving...
Solving...
Solving...
Solving...
Solving...
Solving...
Solving...
Solving...
Solving...
Solving...
Solving...
Solving...
Solving...
Solving...
Solving...
Solving...
Solving...
Solving...
Solving...
Solving...
Solving...
Solving...
Solving...
Solving...
Solving...
Solving...
Solving...
Solving...
Solving...
Solving...
Solving...
Solving...
Solving...
Solving...
Solving...
Solving...
Solving...
Solving...
Solving...
Solving...
Solving...
Solving...
Solving...
Solving...
Solving...
Solving...
Solving...
Solving...
Solving...
Solving...
Solving...
Solving...
Solving...
Solving...
Solving...
Solving...
Solving...
Solving...
Solving...
Solving...
Solving...
Solving...
Solving...
Solving...
Solving...
Solving...
Solving...
Solving...
Solving...
Solving...
Solving...
Solving...
Solving...
Solving...
Solving...
Solving...
Solving...
Solving...
Solving...
Solving...
Solving...
Solving...
Solving...
Solving...
Solving...
Solving...
Solving...
Solving...
Solving...
Solving...
Solving...
Solving...
Solving...
Solving...
Solving...
Solving...
Solving...
Solving...
Solving...
Solving...
Solving...
Solving...
Solving...
Solving...
Solving...
Solving...
Solving...
Solving...
Solving...
Solving...
Solving...
Solving...
Solving...
Solving...
Solving...
Solving...
Solving...
Solving...
Solving...
Solving...
Solving...
Solving...
Solving...
Solving...
Solving...
Solving...
Solving...
Solving...
Solving...
Solving...
Solving...
Solving...
Solving...
Solving...
Solving...
Solving...
Solving...
Solving...
Solving...
Solving...
Solving...
Solving...
Solving...
Solving...
Solving...
Solving...
Solving...
Solving...
Solving...
Solving...
Solving...
Solving...
Solving...
Solving...
Solving...
Solving...
Solving...
Solving...
Solving...
Solving...
Solving...
Solving...
Solving...
Solving...
Solving...
Solving...
Solving...
Solving...
Solving...
Solving...
Solving...
Solving...
Solving...
Solving...
Solving...
Solving...
Solving...
Solving...
Solving...
Solving...
Solving...
Solving...
Solving...
Solving...
Solving...
Solving...
Solving...
Solving...
Solving...
Solving...
Solving...
Solving...
Solving...
Solving...
Solving...
Solving...
Solving...
Solving...
Solving...
Solving...
Solving...
Solving...
Solving...
Solving...
Solving...
Solving...
Solving...
Solving...
Solving...
Solving...
Solving...
Solving...
Solving...
Solving...
Solving...
Solving...
Solving...
Solving...
Solving...
Solving...
Solving...
Solving...
Solving...
Solving...
Solving...
Solving...
Solving...
Solving...
Solving...
Solving...
Solving...
Solving...
Solving...
Solving...
Solving...
Solving...
Solving...
Solving...
Solving...
Solving...
Solving...
Solving...
Solving...
Solving...
Solving...
Solving...
Solving...
Solving...
Solving...
Solving...
Solving...
Solving...
Solving...
Solving...
Solving...
Solving...
Solving...
Solving...
Solving...
Solving...
Solving...
Solving...
Solving...
Solving...
Solving...
Solving...
Solving...
Solving...
Solving...
Solving...
Solving...
Solving...
Solving...
Solving...
Solving...
Solving...
Solving...
Solving...
Solving...
Solving...
Solving...
Solving...
Solving...
Solving...
Solving...
Solving...
Solving...
Solving...
Solving...
Solving...
Solving...
Solving...
Solving...
Solving...
Solving...
Solving...
Solving...
Solving...
Solving...
Solving...
Solving...
Solving...
Solving...
Solving...
Solving...
Solving...
Solving...
Solving...
Solving...
Solving...
Solving...
Solving...
Solving...
Solving...
Solving...
Solving...
Solving...
Solving...
Solving...
Solving...
Solving...
Solving...
Solving...
Solving...
Solving...
Solving...
Solving...
Solving...
Solving...
Solving...
Solving...
Solving...
Solving...
Solving...
Solving...
Solving...
Solving...
Solving...
Solving...
Solving...
Solving...
Solving...
Solving...
Solving...
Solving...
Solving...
Solving...
Solving...
Solving...
Solving...
Solving...
Solving...
Solving...
Solving...
Solving...
Solving...
Solving...
Solving...
Solving...
Solving...
Solving...
Solving...
Solving...
Solving...
Solving...
Solving...
Solving...
Solving...
Solving...
Solving...
Solving...
Solving...
Solving...
Solving...
Solving...
Solving...
Solving...
Solving...
Solving...
Solving...
Solving...
Solving...
Solving...
Solving...
Solving...
Solving...
Solving...
Solving...
Solving...
Solving...
Solving...
Solving...
Solving...
Solving...
Solving...
Solving...
Solving...
Solving...
Solving...
Solving...
Solving...
Solving...
Solving...
Solving...
Solving...
Solving...
Solving...
Solving...
Solving...
Solving...
Solving...
Solving...
Solving...
Solving...
Solving...
Solving...
Solving...
Solving...
Solving...
Solving...
Solving...
Solving...
Solving...
Solving...
Solving...
Solving...
Solving...
Solving...
Solving...
Solving...
Solving...
Solving...
Solving...
Solving...
Solving...
Solving...
Solving...
Solving...
Solving...
Solving...
Solving...
Solving...
Solving...
Solving...
Solving...
Solving...
Solving...
Solving...
Solving...
Solving...
Solving...
Solving...
Solving...
Solving...
Solving...
Solving...
Solving...
Solving...
Solving...
Solving...
Solving...
Solving...
Solving...
Solving...
Solving...
Solving...
Solving...
Solving...
Solving...
Solving...
Solving...
Solving...
Solving...
Solving...
Solving...
Solving...
Solving...
Solving...
Solving...
Solving...
Solving...
Solving...
Solving...
Solving...
Solving...
Solving...
Solving...
Solving...
Solving...
Solving...
Solving...
Solving...
Solving...
Solving...
Solving...
Solving...
Solving...
Solving...
Solving...
Solving...
Solving...
Solving...
Solving...
Solving...
Solving...
Solving...
Solving...
Solving...
Solving...
Solving...
Solving...
Solving...
Solving...
Solving...
Solving...
Solving...
Solving...
Solving...
Solving...
Solving...
Solving...
Solving...
Solving...
Solving...
Solving...
Solving...
Solving...
Solving...
Solving...
Solving...
Solving...
Solving...
Solving...
Solving...
Solving...
Solving...
Solving...
Solving...
Solving...
Solving...
Solving...
Solving...
Solving...
Solving...
Solving...
Solving...
Solving...
Solving...
Solving...
Solving...
Solving...
Solving...
Solving...
Solving...
Solving...
Solving...
Solving...
Solving...
Solving...
Solving...
Solving...
Solving...
Solving...
Solving...
Solving...
Solving...
Solving...
Solving...
Solving...
Solving...
Solving...
Solving...
Solving...
Solving...
Solving...
Solving...
Solving...
Solving...
Solving...
Solving...
Solving...
Solving...
Solving...
Solving...
Solving...
Solving...
Solving...
Solving...
Solving...
Solving...
Solving...
Solving...
Solving...
Solving...
Solving...
Solving...
Solving...
Solving...
Solving...
Solving...
Solving...
Solving...
Solving...
Solving...
Solving...
Solving...
Solving...
Solving...
Solving...
Solving...
Solving...
Solving...
Solving...
Solving...
Solving...
Solving...
Solving...
Solving...
Solving...
Solving...
Solving...
Solving...
Solving...
Solving...
Solving...
Solving...
Solving...
Solving...
Solving...
Solving...
Solving...
Solving...
Solving...
Solving...
Solving...
Solving...
Solving...
Solving...
Solving...
Solving...
Solving...
Solving...
Solving...
Solving...
Solving...
Solving...
Solving...
Solving...
Solving...
Solving...
Solving...
Solving...
Solving...
Solving...
Solving...
Solving...
Solving...
Solving...
Solving...
Solving...
Solving...
Solving...
Solving...
Solving...
Solving...
Solving...
Solving...
Solving...
Solving...
Solving...
Solving...
Solving...
Solving...
Solving...
Solving...
Solving...
Solving...
Solving...
Solving...
Solving...
Solving...
Solving...
Solving...
Solving...
Solving...
Solving...
Solving...
Solving...
Solving...
Solving...
Solving...
Solving...
Solving...
Solving...
Solving...
Solving...
Solving...
Solving...
Solving...
Solving...
Solving...
Solving...
Solving...
Solving...
Solving...
Solving...
Solving...
Solving...
Solving...
Solving...
Solving...
Solving...
Solving...
Solving...
Solving...
Solving...
Solving...
Solving...
Solving...
Solving...
Solving...
Solving...
Solving...
Solving...
Solving...
Solving...
Solving...
Solving...
Solving...
Solving...
Solving...
Solving...
Solving...
Solving...
Solving...
Solving...
Solving...
Solving...
Solving...
Solving...
Solving...
Solving...
Solving...
Solving...
Solving...
Solving...
Solving...
Solving...
Solving...
Solving...
Solving...
Solving...
Solving...
Solving...
Solving...
Solving...
Solving...
Solving...
Solving...
Solving...
Solving...
Solving...
Solving...
Solving...
Solving...
Solving...
Solving...
Solving...
Solving...
Solving...
Solving...
Solving...
Solving...
Solving...
Solving...
Solving...
Solving...
Solving...
Solving...
Solving...
Solving...
Solving...
Solving...
Solving...
Solving...
Solving...
Solving...
Solving...
Solving...
Solving...
Solving...
Solving...
Solving...
Solving...
Solving...
Solving...
Solving...
Solving...
Solving...
Solving...
Solving...
Solving...
Solving...
Solving...
Solving...
Solving...
Solving...
Solving...
Solving...
Solving...
Solving...
Solving...
Solving...
Solving...
Solving...
Solving...
Solving...
Solving...
Solving...
Solving...
Solving...
Solving...
Solving...
Solving...
Solving...
Solving...
Solving...
Solving...
Solving...
Solving...
Solving...
Solving...
Solving...
Solving...
Solving...
Solving...
Solving...
Solving...
Solving...
Solving...
Solving...
Solving...
Solving...
Solving...
Solving...
Solving...
Solving...
Solving...
Solving...
Solving...
Solving...
Solving...
Solving...
Solving...
Solving...
Solving...
Solving...
Solving...
Solving...
Solving...
Solving...
Solving...
Solving...
Solving...
Solving...
Solving...
Solving...
Solving...
Solving...
Solving...
Solving...
Solving...
Solving...
Solving...
Solving...
Solving...
Solving...
Solving...
Solving...
Solving...
Solving...
Solving...
Solving...
Solving...
Solving...
Solving...
Solving...
Solving...
Solving...
Solving...
Solving...
Solving...
Solving...
Solving...
Solving...
Solving...
Solving...
Solving...
Solving...
Solving...
Solving...
Solving...
Solving...
Solving...
Solving...
Solving...
Solving...
Solving...
Solving...
Solving...
Solving...
Solving...
Solving...
Solving...
Solving...
Solving...
Solving...
Solving...
Solving...
Solving...
Solving...
Solving...
Solving...
Solving...
Solving...
Solving...
Solving...
Solving...
Solving...
Solving...
Solving...
Solving...
Solving...
Solving...
Solving...
Solving...
Solving...
Solving...
Solving...
Solving...
Solving...
Solving...
Solving...
Solving...
Solving...
Solving...
Solving...
Solving...
Solving...
Solving...
Solving...
Solving...
Solving...
Solving...
Solving...
Solving...
Solving...
Solving...
Solving...
Solving...
Solving...
Solving...
Solving...
Solving...
Solving...
Solving...
Solving...
Solving...
Solving...
Solving...
Solving...
Solving...
Solving...
Solving...
Solving...
Solving...
Solving...
Solving...
Solving...
Solving...
Solving...
Solving...
Solving...
Solving...
Solving...
Solving...
Solving...
Solving...
Solving...
Solving...
Solving...
Solving...
Solving...
Solving...
Solving...
Solving...
Solving...
Solving...
Solving...
Solving...
Solving...
Solving...
Solving...
Solving...
Solving...
Solving...
Solving...
Solving...
Solving...
Solving...
Solving...
Solving...
Solving...
Solving...
Solving...
Solving...
Solving...
Solving...
Solving...
Solving...
Solving...
Solving...
Solving...
Solving...
Solving...
Solving...
Solving...
Solving...
Solving...
Solving...
Solving...
Solving...
Solving...
Solving...
Solving...
Solving...
Solving...
Solving...
Solving...
Solving...
Solving...
Solving...
Solving...
Solving...
Solving...
Solving...
Solving...
Solving...
Solving...
Solving...
Solving...
Solving...
Solving...
Solving...
Solving...
Solving...
Solving...
Solving...
Solving...
Solving...
Solving...
Solving...
Solving...
Solving...
Solving...
Solving...
Solving...
Solving...
Solving...
Solving...
Solving...
Solving...
Solving...
Solving...
Solving...
Solving...
Solving...
Solving...
Solving...
Solving...
Solving...
Solving...
Solving...
Solving...
Solving...
Solving...
Solving...
Solving...
Solving...
Solving...
Solving...
Solving...
Solving...
Solving...
Solving...
Solving...
Solving...
Solving...
Solving...
Solving...
Solving...
Solving...
Solving...
Solving...
Solving...
Solving...
Solving...
Solving...
Solving...
Solving...
Solving...
Solving...
Solving...
Solving...
Solving...
Solving...
Solving...
Solving...
Solving...
Solving...
Solving...
Solving...
Solving...
Solving...
Solving...
Solving...
Solving...
Solving...
Solving...
Solving...
Solving...
Solving...
Solving...
Solving...
Solving...
Solving...
Solving...
Solving...
Solving...
Solving...
Solving...
Solving...
Solving...
Solving...
Solving...
Solving...
Solving...
Solving...
Solving...
Solving...
Solving...
Solving...
Solving...
Solving...
Solving...
Solving...
Solving...
Solving...
Solving...
Solving...
Solving...
Solving...
Solving...
Solving...
Solving...
Solving...
Solving...
Solving...
Solving...
Solving...
Solving...
Solving...
Solving...
Solving...
Solving...
Solving...
Solving...
Solving...
Solving...
Solving...
Solving...
Solving...
Solving...
Solving...
Solving...
Solving...
Solving...
Solving...
Solving...
Solving...
Solving...
Solving...
Solving...
Solving...
Solving...
Solving...
Solving...
Solving...
Solving...
Solving...
Solving...
Solving...
Solving...
Solving...
Solving...
Solving...
Solving...
Solving...
Solving...
Solving...
Solving...
Solving...
Solving...
Solving...
Solving...
Solving...
Solving...
Solving...
Solving...
Solving...
Solving...
Solving...
Solving...
Solving...
Solving...
Solving...
Solving...
Solving...
Solving...
Solving...
Solving...
Solving...
Solving...
Solving...
Solving...
Solving...
Solving...
Solving...
Solving...
Solving...
Solving...
Solving...
Solving...
Solving...
Solving...
Solving...
UNKNOWN

INTERRUPTED  : 1
Models       : 6539+
Calls        : 3276
Time         : 613.869s (Solving: 564.51s 1st Model: 81.24s Unsat: 0.00s)
CPU Time     : 608.641s

Choices      : 183552619
Conflicts    : 6853443  (Analyzed: 5679550)
Restarts     : 12409    (Average: 457.70 Last: 71533)
Model-Level  : 10714.3 
Problems     : 3276     (Average Length: 1755.47 Splits: 0)
Lemmas       : 5679550  (Deleted: 5588819)
  Binary     : 293      (Ratio:   0.01%)
  Ternary    : 17378    (Ratio:   0.31%)
  Conflict   : 5679550  (Average Length:   21.1 Ratio: 100.00%) 
  Loop       : 0        (Average Length:    0.0 Ratio:   0.00%) 
  Other      : 0        (Average Length:    0.0 Ratio:   0.00%) 
Backjumps    : 5679550  (Average: 27.78 Max: 14109 Sum: 157767752)
  Executed   : 5676274  (Average: 26.88 Max: 14109 Sum: 152693879 Ratio:  96.78%)
  Bounded    : 3276     (Average: 1548.80 Max: 2301 Sum: 5073873 Ratio:   3.22%)

Rules        : 350154  
  Choice     : 19247   
Atoms        : 318055  
Bodies       : 141616  
Equivalences : 355896   (Atom=Atom: 96811 Body=Body: 66816 Other: 192269)
Tight        : Yes
Variables    : 23570    (Eliminated:    0 Frozen: 23570)
Constraints  : 3342     (Binary: 100.0% Ternary:   0.0% Other:   0.0%)

DifferenceLogic
  Time init(s): 9.14301
  Mutexes    : 0
  [Thread 0]
    Propagation(s): 271.281
    Dijkstra(s): 0
    Undo(s)  : 15.1942
    True edges: 0
    False edges: 0
    False edges (inverse): 0
    False edges (partial): 0
    False edges (partial+): 0
    Edges added: 2.55476e+08
    Edges skipped: 2.21846e+08
    Edges propagated: 0
    Cost consistency: 1.26554e+10
    Cost forward: 0
    Cost backward: 0
Completion Time for Window 1 : 1324 
Completion Time for Window 2 : 2336 
Completion Time for Window 3 : 3322 
Completion Time for Window 4 : 4383 
Completion Time for Window 5 : 5381 
Completion Time for Window 6 : 6259 
Number of Interrupted Calls : 6 
Number of UnInterrupted Calls : 0 
