test version 1.0
Reading from JSP_TW_Overlapping.lp ...
Solving...
Solving...
Solving...
Solving...
Solving...
Solving...
Solving...
Solving...
Solving...
Solving...
Solving...
Solving...
Solving...
Solving...
Solving...
Solving...
Solving...
Solving...
Solving...
Solving...
Solving...
Solving...
Solving...
Solving...
Solving...
Solving...
Solving...
Solving...
Solving...
Solving...
Solving...
Solving...
Solving...
Solving...
Solving...
Solving...
Solving...
Solving...
Solving...
Solving...
Solving...
Solving...
Solving...
Solving...
Solving...
Solving...
Solving...
Solving...
Solving...
Solving...
Solving...
Solving...
Solving...
Solving...
Solving...
Solving...
Solving...
Solving...
Solving...
Solving...
Solving...
Solving...
Solving...
Solving...
Solving...
Solving...
Solving...
Solving...
Solving...
Solving...
Solving...
Solving...
Solving...
Solving...
Solving...
Solving...
Solving...
Solving...
Solving...
Solving...
Solving...
Solving...
Solving...
Solving...
Solving...
Solving...
Solving...
Solving...
Solving...
Solving...
Solving...
Solving...
Solving...
Solving...
Solving...
Solving...
Solving...
Solving...
Solving...
Solving...
Solving...
Solving...
Solving...
Solving...
Solving...
Solving...
Solving...
Solving...
Solving...
Solving...
Solving...
Solving...
Solving...
Solving...
Solving...
Solving...
Solving...
Solving...
Solving...
Solving...
Solving...
Solving...
Solving...
Solving...
Solving...
Solving...
Solving...
Solving...
Solving...
Solving...
Solving...
Solving...
Solving...
Solving...
Solving...
Solving...
Solving...
Solving...
Solving...
Solving...
Solving...
Solving...
Solving...
Solving...
Solving...
Solving...
Solving...
Solving...
Solving...
Solving...
Solving...
Solving...
Solving...
Solving...
Solving...
Solving...
Solving...
Solving...
Solving...
Solving...
Solving...
Solving...
Solving...
Solving...
Solving...
Solving...
Solving...
Solving...
Solving...
Solving...
Solving...
Solving...
Solving...
Solving...
Solving...
Solving...
Solving...
Solving...
Solving...
Solving...
Solving...
Solving...
Solving...
Solving...
Solving...
Solving...
Solving...
Solving...
Solving...
Solving...
Solving...
Solving...
Solving...
Solving...
Solving...
Solving...
Solving...
Solving...
Solving...
Solving...
Solving...
Solving...
Solving...
Solving...
Solving...
Solving...
Solving...
Solving...
Solving...
Solving...
Solving...
Solving...
Solving...
Solving...
Solving...
Solving...
Solving...
Solving...
Solving...
Solving...
Solving...
Solving...
Solving...
Solving...
Solving...
Solving...
Solving...
Solving...
Solving...
Solving...
Solving...
Solving...
Solving...
Solving...
Solving...
Solving...
Solving...
Solving...
Solving...
Solving...
Solving...
Solving...
Solving...
Solving...
Solving...
Solving...
Solving...
Solving...
Solving...
Solving...
Solving...
Solving...
Solving...
Solving...
Solving...
Solving...
Solving...
Solving...
Solving...
Solving...
Solving...
Solving...
Solving...
Solving...
Solving...
Solving...
Solving...
Solving...
Solving...
Solving...
Solving...
Solving...
Solving...
Solving...
Solving...
Solving...
Solving...
Solving...
Solving...
Solving...
Solving...
Solving...
Solving...
Solving...
Solving...
Solving...
Solving...
Solving...
Solving...
Solving...
Solving...
Solving...
Solving...
Solving...
Solving...
Solving...
Solving...
Solving...
Solving...
Solving...
Solving...
Solving...
Solving...
Solving...
Solving...
Solving...
Solving...
Solving...
Solving...
Solving...
Solving...
Solving...
Solving...
Solving...
Solving...
Solving...
Solving...
Solving...
Solving...
Solving...
Solving...
Solving...
Solving...
Solving...
Solving...
Solving...
Solving...
Solving...
Solving...
Solving...
Solving...
Solving...
Solving...
Solving...
Solving...
Solving...
Solving...
Solving...
Solving...
Solving...
Solving...
Solving...
Solving...
Solving...
Solving...
Solving...
Solving...
Solving...
Solving...
Solving...
Solving...
Solving...
Solving...
Solving...
Solving...
Solving...
Solving...
Solving...
Solving...
Solving...
Solving...
Solving...
Solving...
Solving...
Solving...
Solving...
Solving...
Solving...
Solving...
Solving...
Solving...
Solving...
Solving...
Solving...
Solving...
Solving...
Solving...
Solving...
Solving...
Solving...
Solving...
Solving...
Solving...
Solving...
Solving...
Solving...
Solving...
Solving...
Solving...
Solving...
Solving...
Solving...
Solving...
Solving...
Solving...
Solving...
Solving...
Solving...
Solving...
Solving...
Solving...
Solving...
Solving...
Solving...
Solving...
Solving...
Solving...
Solving...
Solving...
Solving...
Solving...
Solving...
Solving...
Solving...
Solving...
Solving...
Solving...
Solving...
Solving...
Solving...
Solving...
Solving...
Solving...
Solving...
Solving...
Solving...
Solving...
Solving...
Solving...
Solving...
Solving...
Solving...
Solving...
Solving...
Solving...
Solving...
Solving...
Solving...
Solving...
Solving...
Solving...
Solving...
Solving...
Solving...
Solving...
Solving...
Solving...
Solving...
Solving...
Solving...
Solving...
Solving...
Solving...
Solving...
Solving...
Solving...
Solving...
Solving...
Solving...
Solving...
Solving...
Solving...
Solving...
Solving...
Solving...
Solving...
Solving...
Solving...
Solving...
Solving...
Solving...
Solving...
Solving...
Solving...
Solving...
Solving...
Solving...
Solving...
Solving...
Solving...
Solving...
Solving...
Solving...
Solving...
Solving...
Solving...
Solving...
Solving...
Solving...
Solving...
Solving...
Solving...
Solving...
Solving...
Solving...
Solving...
Solving...
Solving...
Solving...
Solving...
Solving...
Solving...
Solving...
Solving...
Solving...
Solving...
Solving...
Solving...
Solving...
Solving...
Solving...
Solving...
Solving...
Solving...
Solving...
Solving...
Solving...
Solving...
Solving...
Solving...
Solving...
Solving...
Solving...
Solving...
Solving...
Solving...
Solving...
Solving...
Solving...
Solving...
Solving...
Solving...
Solving...
Solving...
Solving...
Solving...
Solving...
Solving...
Solving...
Solving...
Solving...
Solving...
Solving...
Solving...
Solving...
Solving...
Solving...
Solving...
Solving...
Solving...
Solving...
Solving...
Solving...
Solving...
Solving...
Solving...
Solving...
Solving...
Solving...
Solving...
Solving...
Solving...
Solving...
Solving...
Solving...
Solving...
Solving...
Solving...
Solving...
Solving...
Solving...
Solving...
Solving...
Solving...
Solving...
Solving...
Solving...
Solving...
Solving...
Solving...
Solving...
Solving...
Solving...
Solving...
Solving...
Solving...
Solving...
Solving...
Solving...
Solving...
Solving...
Solving...
Solving...
Solving...
Solving...
Solving...
Solving...
Solving...
Solving...
Solving...
Solving...
Solving...
Solving...
Solving...
Solving...
Solving...
Solving...
Solving...
Solving...
Solving...
Solving...
Solving...
Solving...
Solving...
Solving...
Solving...
Solving...
Solving...
Solving...
Solving...
Solving...
Solving...
Solving...
Solving...
Solving...
Solving...
Solving...
Solving...
Solving...
Solving...
Solving...
Solving...
Solving...
Solving...
Solving...
Solving...
Solving...
Solving...
Solving...
Solving...
Solving...
Solving...
Solving...
Solving...
Solving...
Solving...
Solving...
Solving...
Solving...
Solving...
Solving...
Solving...
Solving...
Solving...
Solving...
Solving...
Solving...
Solving...
Solving...
Solving...
Solving...
Solving...
Solving...
Solving...
Solving...
Solving...
Solving...
Solving...
Solving...
Solving...
Solving...
Solving...
Solving...
Solving...
Solving...
Solving...
Solving...
Solving...
Solving...
Solving...
Solving...
Solving...
Solving...
Solving...
Solving...
Solving...
Solving...
Solving...
Solving...
Solving...
Solving...
Solving...
Solving...
Solving...
Solving...
Solving...
Solving...
Solving...
Solving...
Solving...
Solving...
Solving...
Solving...
Solving...
Solving...
Solving...
Solving...
Solving...
Solving...
Solving...
Solving...
Solving...
Solving...
Solving...
Solving...
Solving...
Solving...
Solving...
Solving...
Solving...
Solving...
Solving...
Solving...
Solving...
Solving...
Solving...
Solving...
Solving...
Solving...
Solving...
Solving...
Solving...
Solving...
Solving...
Solving...
Solving...
Solving...
Solving...
Solving...
Solving...
Solving...
Solving...
Solving...
Solving...
Solving...
Solving...
Solving...
Solving...
Solving...
Solving...
Solving...
Solving...
Solving...
Solving...
Solving...
Solving...
Solving...
Solving...
Solving...
Solving...
Solving...
Solving...
Solving...
Solving...
Solving...
Solving...
Solving...
Solving...
Solving...
Solving...
Solving...
Solving...
Solving...
Solving...
Solving...
Solving...
Solving...
Solving...
Solving...
Solving...
Solving...
Solving...
Solving...
Solving...
Solving...
Solving...
Solving...
Solving...
Solving...
Solving...
Solving...
Solving...
Solving...
Solving...
Solving...
Solving...
Solving...
Solving...
Solving...
Solving...
Solving...
Solving...
Solving...
Solving...
Solving...
Solving...
Solving...
Solving...
Solving...
Solving...
Solving...
Solving...
Solving...
Solving...
Solving...
Solving...
Solving...
Solving...
Solving...
Solving...
Solving...
Solving...
Solving...
Solving...
Solving...
Solving...
Solving...
Solving...
Solving...
Solving...
Solving...
Solving...
Solving...
Solving...
Solving...
Solving...
Solving...
Solving...
Solving...
Solving...
Solving...
Solving...
Solving...
Solving...
Solving...
Solving...
Solving...
Solving...
Solving...
Solving...
Solving...
Solving...
Solving...
Solving...
Solving...
Solving...
Solving...
Solving...
Solving...
Solving...
Solving...
Solving...
Solving...
Solving...
Solving...
Solving...
Solving...
Solving...
Solving...
Solving...
Solving...
Solving...
Solving...
Solving...
Solving...
Solving...
Solving...
Solving...
Solving...
Solving...
Solving...
Solving...
Solving...
Solving...
Solving...
Solving...
Solving...
Solving...
Solving...
Solving...
Solving...
Solving...
Solving...
Solving...
Solving...
Solving...
Solving...
Solving...
Solving...
Solving...
Solving...
Solving...
Solving...
Solving...
Solving...
Solving...
Solving...
Solving...
Solving...
Solving...
Solving...
Solving...
Solving...
Solving...
Solving...
Solving...
Solving...
Solving...
Solving...
Solving...
Solving...
Solving...
Solving...
Solving...
Solving...
Solving...
Solving...
Solving...
Solving...
Solving...
Solving...
Solving...
Solving...
Solving...
Solving...
Solving...
Solving...
Solving...
Solving...
Solving...
Solving...
Solving...
Solving...
Solving...
Solving...
Solving...
Solving...
Solving...
Solving...
Solving...
Solving...
Solving...
Solving...
Solving...
Solving...
Solving...
Solving...
Solving...
Solving...
Solving...
Solving...
Solving...
Solving...
Solving...
Solving...
Solving...
Solving...
Solving...
Solving...
Solving...
Solving...
Solving...
Solving...
Solving...
Solving...
Solving...
Solving...
Solving...
Solving...
Solving...
Solving...
Solving...
Solving...
Solving...
Solving...
Solving...
Solving...
Solving...
Solving...
Solving...
Solving...
Solving...
Solving...
Solving...
Solving...
Solving...
Solving...
Solving...
Solving...
Solving...
Solving...
Solving...
Solving...
Solving...
Solving...
Solving...
Solving...
Solving...
Solving...
Solving...
Solving...
Solving...
Solving...
Solving...
Solving...
Solving...
Solving...
Solving...
Solving...
Solving...
Solving...
Solving...
Solving...
Solving...
Solving...
Solving...
Solving...
Solving...
Solving...
Solving...
Solving...
Solving...
Solving...
Solving...
Solving...
Solving...
Solving...
Solving...
Solving...
Solving...
Solving...
Solving...
Solving...
Solving...
Solving...
Solving...
Solving...
Solving...
Solving...
Solving...
Solving...
Solving...
Solving...
Solving...
Solving...
Solving...
Solving...
Solving...
Solving...
Solving...
Solving...
Solving...
Solving...
Solving...
Solving...
Solving...
Solving...
Solving...
Solving...
Solving...
Solving...
Solving...
Solving...
Solving...
Solving...
Solving...
Solving...
Solving...
Solving...
Solving...
Solving...
Solving...
Solving...
Solving...
Solving...
Solving...
Solving...
Solving...
Solving...
Solving...
Solving...
Solving...
Solving...
Solving...
Solving...
Solving...
Solving...
Solving...
Solving...
Solving...
Solving...
Solving...
Solving...
Solving...
Solving...
Solving...
Solving...
Solving...
Solving...
Solving...
Solving...
Solving...
Solving...
Solving...
Solving...
Solving...
Solving...
Solving...
Solving...
Solving...
Solving...
Solving...
Solving...
Solving...
Solving...
Solving...
Solving...
Solving...
Solving...
Solving...
Solving...
Solving...
Solving...
Solving...
Solving...
Solving...
Solving...
Solving...
Solving...
Solving...
Solving...
Solving...
Solving...
Solving...
Solving...
Solving...
Solving...
Solving...
Solving...
Solving...
Solving...
Solving...
Solving...
Solving...
Solving...
Solving...
Solving...
Solving...
Solving...
Solving...
Solving...
Solving...
Solving...
Solving...
Solving...
Solving...
Solving...
Solving...
Solving...
Solving...
Solving...
Solving...
Solving...
Solving...
Solving...
Solving...
Solving...
Solving...
Solving...
Solving...
Solving...
Solving...
Solving...
Solving...
Solving...
Solving...
Solving...
Solving...
Solving...
Solving...
Solving...
Solving...
Solving...
Solving...
Solving...
Solving...
Solving...
Solving...
Solving...
Solving...
Solving...
Solving...
Solving...
Solving...
Solving...
Solving...
Solving...
Solving...
Solving...
Solving...
Solving...
Solving...
Solving...
Solving...
Solving...
Solving...
Solving...
Solving...
Solving...
Solving...
Solving...
Solving...
Solving...
Solving...
Solving...
Solving...
Solving...
Solving...
Solving...
Solving...
Solving...
Solving...
Solving...
Solving...
Solving...
Solving...
Solving...
Solving...
Solving...
Solving...
Solving...
Solving...
Solving...
Solving...
Solving...
Solving...
Solving...
Solving...
Solving...
Solving...
Solving...
Solving...
Solving...
Solving...
Solving...
Solving...
Solving...
Solving...
Solving...
Solving...
Solving...
Solving...
Solving...
Solving...
Solving...
Solving...
Solving...
Solving...
Solving...
Solving...
Solving...
Solving...
Solving...
Solving...
Solving...
Solving...
Solving...
Solving...
Solving...
Solving...
Solving...
Solving...
Solving...
Solving...
Solving...
Solving...
Solving...
Solving...
Solving...
Solving...
Solving...
Solving...
Solving...
Solving...
Solving...
Solving...
Solving...
Solving...
Solving...
Solving...
Solving...
Solving...
Solving...
Solving...
Solving...
Solving...
Solving...
Solving...
Solving...
Solving...
Solving...
Solving...
Solving...
Solving...
Solving...
Solving...
Solving...
Solving...
Solving...
Solving...
Solving...
Solving...
Solving...
Solving...
Solving...
Solving...
Solving...
Solving...
Solving...
Solving...
Solving...
Solving...
Solving...
Solving...
Solving...
Solving...
Solving...
Solving...
Solving...
Solving...
Solving...
Solving...
Solving...
Solving...
Solving...
Solving...
Solving...
Solving...
Solving...
Solving...
Solving...
Solving...
Solving...
Solving...
Solving...
Solving...
Solving...
Solving...
Solving...
Solving...
Solving...
Solving...
Solving...
Solving...
Solving...
Solving...
Solving...
Solving...
Solving...
Solving...
Solving...
Solving...
Solving...
Solving...
Solving...
Solving...
Solving...
Solving...
Solving...
Solving...
Solving...
Solving...
Solving...
Solving...
Solving...
Solving...
Solving...
Solving...
Solving...
Solving...
Solving...
Solving...
Solving...
Solving...
Solving...
Solving...
Solving...
Solving...
Solving...
Solving...
Solving...
Solving...
Solving...
Solving...
Solving...
Solving...
Solving...
Solving...
Solving...
Solving...
Solving...
Solving...
Solving...
Solving...
Solving...
Solving...
Solving...
Solving...
Solving...
Solving...
Solving...
Solving...
Solving...
Solving...
Solving...
Solving...
Solving...
Solving...
Solving...
Solving...
Solving...
Solving...
Solving...
Solving...
Solving...
Solving...
Solving...
Solving...
Solving...
Solving...
Solving...
Solving...
Solving...
Solving...
Solving...
Solving...
Solving...
Solving...
Solving...
Solving...
Solving...
Solving...
Solving...
Solving...
Solving...
Solving...
Solving...
Solving...
Solving...
Solving...
Solving...
Solving...
Solving...
Solving...
Solving...
Solving...
Solving...
Solving...
Solving...
Solving...
Solving...
Solving...
Solving...
Solving...
Solving...
Solving...
Solving...
Solving...
Solving...
Solving...
Solving...
Solving...
Solving...
Solving...
Solving...
Solving...
Solving...
Solving...
Solving...
Solving...
Solving...
Solving...
Solving...
Solving...
Solving...
Solving...
Solving...
Solving...
Solving...
Solving...
Solving...
Solving...
Solving...
Solving...
Solving...
Solving...
Solving...
Solving...
Solving...
Solving...
Solving...
Solving...
Solving...
Solving...
Solving...
Solving...
Solving...
Solving...
Solving...
Solving...
Solving...
Solving...
Solving...
Solving...
Solving...
Solving...
Solving...
Solving...
Solving...
Solving...
Solving...
Solving...
Solving...
Solving...
Solving...
Solving...
Solving...
Solving...
Solving...
Solving...
Solving...
Solving...
Solving...
Solving...
Solving...
Solving...
Solving...
Solving...
Solving...
Solving...
Solving...
Solving...
Solving...
Solving...
Solving...
Solving...
Solving...
Solving...
Solving...
Solving...
Solving...
Solving...
Solving...
Solving...
Solving...
Solving...
Solving...
Solving...
Solving...
Solving...
Solving...
Solving...
Solving...
Solving...
Solving...
Solving...
Solving...
Solving...
Solving...
Solving...
Solving...
Solving...
Solving...
Solving...
Solving...
Solving...
Solving...
Solving...
Solving...
Solving...
Solving...
Solving...
Solving...
Solving...
Solving...
Solving...
Solving...
Solving...
Solving...
Solving...
Solving...
Solving...
Solving...
Solving...
Solving...
Solving...
Solving...
Solving...
Solving...
Solving...
Solving...
Solving...
Solving...
Solving...
Solving...
Solving...
Solving...
Solving...
Solving...
Solving...
Solving...
Solving...
Solving...
Solving...
Solving...
Solving...
Solving...
Solving...
Solving...
Solving...
Solving...
Solving...
Solving...
Solving...
Solving...
Solving...
Solving...
Solving...
Solving...
Solving...
Solving...
Solving...
Solving...
Solving...
Solving...
Solving...
Solving...
Solving...
Solving...
Solving...
Solving...
Solving...
Solving...
Solving...
Solving...
Solving...
Solving...
Solving...
Solving...
Solving...
Solving...
Solving...
Solving...
Solving...
Solving...
Solving...
Solving...
Solving...
Solving...
Solving...
Solving...
Solving...
Solving...
Solving...
Solving...
Solving...
Solving...
Solving...
Solving...
Solving...
Solving...
Solving...
Solving...
Solving...
Solving...
Solving...
Solving...
Solving...
Solving...
Solving...
Solving...
Solving...
Solving...
Solving...
Solving...
Solving...
Solving...
Solving...
Solving...
Solving...
Solving...
Solving...
Solving...
Solving...
Solving...
Solving...
Solving...
Solving...
Solving...
Solving...
Solving...
Solving...
Solving...
Solving...
Solving...
Solving...
Solving...
Solving...
Solving...
Solving...
Solving...
Solving...
Solving...
Solving...
Solving...
Solving...
Solving...
Solving...
Solving...
Solving...
Solving...
Solving...
Solving...
Solving...
Solving...
Solving...
Solving...
Solving...
Solving...
Solving...
Solving...
Solving...
Solving...
Solving...
Solving...
Solving...
Solving...
Solving...
Solving...
Solving...
Solving...
Solving...
Solving...
Solving...
Solving...
Solving...
Solving...
Solving...
Solving...
Solving...
Solving...
Solving...
Solving...
Solving...
Solving...
Solving...
Solving...
Solving...
Solving...
Solving...
Solving...
Solving...
Solving...
Solving...
Solving...
Solving...
Solving...
Solving...
Solving...
Solving...
Solving...
Solving...
Solving...
Solving...
Solving...
Solving...
Solving...
Solving...
Solving...
Solving...
Solving...
Solving...
Solving...
Solving...
Solving...
Solving...
Solving...
Solving...
Solving...
Solving...
Solving...
Solving...
Solving...
Solving...
Solving...
Solving...
Solving...
Solving...
Solving...
Solving...
Solving...
Solving...
Solving...
Solving...
Solving...
Solving...
Solving...
Solving...
Solving...
Solving...
Solving...
Solving...
Solving...
Solving...
Solving...
Solving...
Solving...
Solving...
Solving...
Solving...
Solving...
Solving...
Solving...
Solving...
Solving...
Solving...
Solving...
Solving...
Solving...
Solving...
Solving...
Solving...
Solving...
Solving...
Solving...
Solving...
Solving...
Solving...
Solving...
Solving...
Solving...
Solving...
Solving...
Solving...
Solving...
Solving...
Solving...
Solving...
Solving...
Solving...
Solving...
Solving...
Solving...
Solving...
Solving...
Solving...
Solving...
Solving...
Solving...
Solving...
Solving...
Solving...
Solving...
Solving...
Solving...
Solving...
Solving...
Solving...
Solving...
Solving...
Solving...
Solving...
Solving...
Solving...
Solving...
Solving...
Solving...
Solving...
Solving...
Solving...
Solving...
Solving...
Solving...
Solving...
Solving...
Solving...
Solving...
Solving...
Solving...
Solving...
Solving...
Solving...
Solving...
Solving...
Solving...
Solving...
Solving...
Solving...
Solving...
Solving...
Solving...
Solving...
Solving...
Solving...
Solving...
Solving...
Solving...
Solving...
Solving...
Solving...
Solving...
Solving...
Solving...
Solving...
Solving...
Solving...
Solving...
Solving...
Solving...
Solving...
Solving...
Solving...
Solving...
Solving...
Solving...
Solving...
Solving...
Solving...
Solving...
Solving...
Solving...
Solving...
Solving...
Solving...
Solving...
Solving...
Solving...
Solving...
Solving...
Solving...
Solving...
Solving...
Solving...
Solving...
Solving...
Solving...
Solving...
Solving...
Solving...
Solving...
Solving...
Solving...
Solving...
Solving...
Solving...
Solving...
Solving...
Solving...
Solving...
Solving...
Solving...
Solving...
Solving...
Solving...
Solving...
Solving...
Solving...
Solving...
Solving...
Solving...
Solving...
Solving...
Solving...
Solving...
Solving...
Solving...
Solving...
Solving...
Solving...
Solving...
Solving...
Solving...
Solving...
Solving...
Solving...
Solving...
Solving...
Solving...
Solving...
Solving...
Solving...
Solving...
Solving...
Solving...
Solving...
Solving...
Solving...
Solving...
Solving...
Solving...
Solving...
Solving...
Solving...
Solving...
Solving...
Solving...
Solving...
Solving...
Solving...
Solving...
Solving...
Solving...
Solving...
Solving...
Solving...
Solving...
Solving...
Solving...
Solving...
Solving...
Solving...
Solving...
Solving...
Solving...
Solving...
Solving...
Solving...
Solving...
Solving...
Solving...
Solving...
Solving...
Solving...
Solving...
Solving...
Solving...
Solving...
Solving...
Solving...
Solving...
Solving...
Solving...
Solving...
Solving...
Solving...
Solving...
Solving...
Solving...
Solving...
Solving...
Solving...
Solving...
Solving...
Solving...
Solving...
Solving...
Solving...
Solving...
Solving...
Solving...
Solving...
Solving...
Solving...
Solving...
Solving...
Solving...
Solving...
Solving...
Solving...
Solving...
Solving...
Solving...
Solving...
Solving...
Solving...
Solving...
Solving...
Solving...
Solving...
Solving...
Solving...
Solving...
Solving...
Solving...
Solving...
Solving...
Solving...
Solving...
Solving...
Solving...
Solving...
Solving...
Solving...
Solving...
Solving...
Solving...
Solving...
Solving...
Solving...
Solving...
Solving...
Solving...
Solving...
Solving...
Solving...
Solving...
Solving...
Solving...
Solving...
Solving...
Solving...
Solving...
Solving...
Solving...
Solving...
Solving...
Solving...
Solving...
Solving...
Solving...
Solving...
Solving...
Solving...
Solving...
Solving...
Solving...
Solving...
Solving...
Solving...
Solving...
Solving...
Solving...
Solving...
Solving...
Solving...
Solving...
Solving...
Solving...
Solving...
Solving...
Solving...
Solving...
Solving...
Solving...
Solving...
Solving...
Solving...
Solving...
Solving...
Solving...
Solving...
Solving...
Solving...
Solving...
Solving...
Solving...
Solving...
Solving...
Solving...
Solving...
Solving...
Solving...
Solving...
Solving...
Solving...
Solving...
Solving...
Solving...
Solving...
Solving...
Solving...
Solving...
Solving...
Solving...
Solving...
Solving...
Solving...
Solving...
Solving...
Solving...
Solving...
Solving...
Solving...
Solving...
Solving...
Solving...
Solving...
Solving...
Solving...
Solving...
Solving...
Solving...
Solving...
Solving...
Solving...
Solving...
Solving...
Solving...
Solving...
Solving...
Solving...
Solving...
Solving...
Solving...
Solving...
Solving...
Solving...
Solving...
Solving...
Solving...
Solving...
Solving...
Solving...
Solving...
Solving...
Solving...
Solving...
Solving...
Solving...
Solving...
Solving...
Solving...
Solving...
Solving...
Solving...
Solving...
Solving...
Solving...
Solving...
Solving...
Solving...
Solving...
Solving...
Solving...
Solving...
Solving...
Solving...
Solving...
Solving...
Solving...
Solving...
Solving...
Solving...
Solving...
Solving...
Solving...
Solving...
Solving...
Solving...
Solving...
Solving...
Solving...
Solving...
Solving...
Solving...
Solving...
Solving...
Solving...
Solving...
Solving...
Solving...
Solving...
Solving...
Solving...
Solving...
Solving...
Solving...
Solving...
Solving...
Solving...
Solving...
Solving...
Solving...
Solving...
Solving...
Solving...
Solving...
Solving...
Solving...
Solving...
Solving...
Solving...
Solving...
Solving...
Solving...
Solving...
Solving...
Solving...
Solving...
Solving...
Solving...
Solving...
Solving...
Solving...
Solving...
Solving...
Solving...
Solving...
Solving...
Solving...
Solving...
Solving...
Solving...
Solving...
Solving...
Solving...
Solving...
Solving...
Solving...
Solving...
Solving...
Solving...
Solving...
Solving...
Solving...
Solving...
Solving...
Solving...
Solving...
Solving...
Solving...
Solving...
Solving...
Solving...
Solving...
Solving...
Solving...
Solving...
Solving...
Solving...
Solving...
Solving...
Solving...
Solving...
Solving...
Solving...
Solving...
Solving...
Solving...
Solving...
Solving...
Solving...
Solving...
Solving...
Solving...
Solving...
Solving...
Solving...
Solving...
Solving...
Solving...
Solving...
Solving...
Solving...
Solving...
Solving...
Solving...
Solving...
Solving...
Solving...
Solving...
Solving...
Solving...
Solving...
Solving...
Solving...
Solving...
Solving...
Solving...
Solving...
Solving...
Solving...
Solving...
Solving...
Solving...
Solving...
Solving...
Solving...
Solving...
Solving...
Solving...
Solving...
Solving...
Solving...
Solving...
Solving...
Solving...
Solving...
Solving...
Solving...
Solving...
Solving...
Solving...
Solving...
Solving...
Solving...
Solving...
Solving...
Solving...
Solving...
Solving...
Solving...
Solving...
Solving...
Solving...
Solving...
Solving...
Solving...
Solving...
Solving...
Solving...
Solving...
Solving...
Solving...
Solving...
Solving...
Solving...
Solving...
Solving...
Solving...
Solving...
Solving...
Solving...
Solving...
Solving...
Solving...
Solving...
Solving...
Solving...
Solving...
Solving...
Solving...
Solving...
Solving...
Solving...
Solving...
Solving...
Solving...
Solving...
Solving...
Solving...
Solving...
Solving...
Solving...
Solving...
Solving...
Solving...
Solving...
Solving...
Solving...
Solving...
Solving...
Solving...
Solving...
Solving...
Solving...
Solving...
Solving...
Solving...
Solving...
Solving...
Solving...
Solving...
Solving...
Solving...
Solving...
Solving...
Solving...
Solving...
Solving...
Solving...
Solving...
Solving...
Solving...
Solving...
Solving...
Solving...
Solving...
Solving...
Solving...
Solving...
Solving...
Solving...
Solving...
Solving...
Solving...
Solving...
Solving...
Solving...
Solving...
Solving...
Solving...
Solving...
Solving...
Solving...
Solving...
Solving...
Solving...
Solving...
Solving...
Solving...
Solving...
Solving...
Solving...
Solving...
Solving...
Solving...
Solving...
Solving...
Solving...
Solving...
Solving...
Solving...
Solving...
Solving...
Solving...
Solving...
Solving...
Solving...
Solving...
Solving...
Solving...
Solving...
Solving...
Solving...
Solving...
Solving...
Solving...
Solving...
Solving...
Solving...
Solving...
Solving...
Solving...
Solving...
Solving...
Solving...
Solving...
Solving...
Solving...
Solving...
Solving...
Solving...
Solving...
Solving...
Solving...
Solving...
Solving...
Solving...
Solving...
Solving...
Solving...
Solving...
Solving...
Solving...
Solving...
Solving...
Solving...
Solving...
Solving...
Solving...
Solving...
Solving...
Solving...
Solving...
Solving...
Solving...
Solving...
Solving...
Solving...
Solving...
Solving...
Solving...
Solving...
Solving...
Solving...
Solving...
Solving...
Solving...
Solving...
Solving...
Solving...
Solving...
Solving...
Solving...
Solving...
Solving...
Solving...
Solving...
Solving...
Solving...
Solving...
Solving...
Solving...
Solving...
Solving...
Solving...
Solving...
Solving...
Solving...
Solving...
Solving...
Solving...
Solving...
Solving...
Solving...
Solving...
Solving...
Solving...
Solving...
Solving...
Solving...
Solving...
Solving...
Solving...
Solving...
Solving...
Solving...
Solving...
Solving...
Solving...
Solving...
Solving...
Solving...
Solving...
Solving...
Solving...
Solving...
Solving...
Solving...
Solving...
Solving...
Solving...
Solving...
Solving...
Solving...
Solving...
Solving...
Solving...
Solving...
Solving...
Solving...
Solving...
Solving...
Solving...
Solving...
Solving...
Solving...
Solving...
Solving...
Solving...
Solving...
Solving...
Solving...
Solving...
Solving...
Solving...
Solving...
Solving...
Solving...
Solving...
Solving...
Solving...
Solving...
Solving...
Solving...
Solving...
Solving...
Solving...
Solving...
Solving...
Solving...
Solving...
Solving...
Solving...
Solving...
Solving...
Solving...
Solving...
Solving...
Solving...
Solving...
Solving...
Solving...
Solving...
Solving...
Solving...
Solving...
Solving...
Solving...
Solving...
Solving...
Solving...
Solving...
Solving...
Solving...
Solving...
Solving...
Solving...
Solving...
Solving...
Solving...
Solving...
Solving...
Solving...
Solving...
Solving...
Solving...
Solving...
Solving...
Solving...
Solving...
Solving...
Solving...
Solving...
Solving...
Solving...
Solving...
Solving...
Solving...
Solving...
Solving...
Solving...
Solving...
Solving...
Solving...
Solving...
Solving...
Solving...
Solving...
Solving...
Solving...
Solving...
Solving...
Solving...
Solving...
Solving...
Solving...
Solving...
Solving...
Solving...
Solving...
Solving...
Solving...
Solving...
Solving...
Solving...
Solving...
Solving...
Solving...
Solving...
Solving...
Solving...
Solving...
Solving...
Solving...
Solving...
Solving...
Solving...
Solving...
Solving...
Solving...
Solving...
Solving...
Solving...
Solving...
Solving...
Solving...
Solving...
Solving...
Solving...
Solving...
Solving...
Solving...
Solving...
Solving...
Solving...
Solving...
Solving...
Solving...
Solving...
Solving...
Solving...
Solving...
Solving...
Solving...
Solving...
Solving...
Solving...
Solving...
Solving...
Solving...
Solving...
Solving...
Solving...
Solving...
Solving...
Solving...
Solving...
Solving...
Solving...
Solving...
Solving...
Solving...
Solving...
Solving...
Solving...
Solving...
Solving...
Solving...
Solving...
Solving...
Solving...
Solving...
Solving...
Solving...
Solving...
Solving...
Solving...
Solving...
Solving...
Solving...
Solving...
Solving...
Solving...
Solving...
Solving...
Solving...
Solving...
Solving...
Solving...
Solving...
Solving...
Solving...
Solving...
Solving...
Solving...
Solving...
Solving...
Solving...
Solving...
Solving...
Solving...
Solving...
Solving...
Solving...
Solving...
Solving...
Solving...
Solving...
Solving...
Solving...
Solving...
Solving...
Solving...
Solving...
Solving...
Solving...
Solving...
Solving...
Solving...
Solving...
Solving...
Solving...
Solving...
Solving...
Solving...
Solving...
Solving...
Solving...
Solving...
Solving...
Solving...
Solving...
Solving...
Solving...
Solving...
Solving...
Solving...
Solving...
Solving...
Solving...
Solving...
Solving...
Solving...
Solving...
Solving...
Solving...
Solving...
Solving...
Solving...
Solving...
Solving...
Solving...
Solving...
Solving...
Solving...
Solving...
Solving...
Solving...
Solving...
Solving...
Solving...
Solving...
Solving...
Solving...
Solving...
Solving...
Solving...
Solving...
Solving...
Solving...
Solving...
Solving...
Solving...
Solving...
Solving...
Solving...
Solving...
Solving...
Solving...
Solving...
Solving...
Solving...
Solving...
Solving...
Solving...
Solving...
Solving...
Solving...
Solving...
Solving...
Solving...
Solving...
Solving...
Solving...
Solving...
Solving...
Solving...
Solving...
Solving...
Solving...
Solving...
Solving...
Solving...
Solving...
Solving...
Solving...
Solving...
Solving...
Solving...
Solving...
Solving...
Solving...
Solving...
Solving...
Solving...
Solving...
Solving...
Solving...
Solving...
Solving...
Solving...
Solving...
Solving...
Solving...
Solving...
Solving...
Solving...
Solving...
Solving...
Solving...
Solving...
Solving...
Solving...
Solving...
Solving...
Solving...
Solving...
Solving...
Solving...
Solving...
Solving...
Solving...
Solving...
Solving...
Solving...
Solving...
Solving...
Solving...
Solving...
Solving...
Solving...
Solving...
Solving...
Solving...
Solving...
Solving...
Solving...
Solving...
Solving...
Solving...
Solving...
Solving...
Solving...
Solving...
Solving...
Solving...
Solving...
Solving...
Solving...
Solving...
Solving...
Solving...
Solving...
Solving...
Solving...
Solving...
Solving...
Solving...
Solving...
Solving...
Solving...
Solving...
Solving...
Solving...
Solving...
Solving...
Solving...
Solving...
Solving...
Solving...
Solving...
Solving...
Solving...
Solving...
Solving...
Solving...
Solving...
Solving...
Solving...
Solving...
Solving...
Solving...
Solving...
Solving...
Solving...
Solving...
Solving...
Solving...
Solving...
Solving...
Solving...
Solving...
Solving...
Solving...
Solving...
Solving...
Solving...
Solving...
Solving...
Solving...
Solving...
Solving...
Solving...
Solving...
Solving...
Solving...
Solving...
Solving...
Solving...
Solving...
Solving...
Solving...
Solving...
Solving...
Solving...
Solving...
Solving...
Solving...
Solving...
Solving...
Solving...
Solving...
Solving...
Solving...
Solving...
Solving...
Solving...
Solving...
Solving...
Solving...
Solving...
Solving...
Solving...
Solving...
Solving...
Solving...
Solving...
Solving...
Solving...
Solving...
Solving...
Solving...
Solving...
Solving...
Solving...
Solving...
Solving...
Solving...
Solving...
Solving...
Solving...
Solving...
Solving...
Solving...
Solving...
Solving...
Solving...
Solving...
Solving...
Solving...
Solving...
Solving...
Solving...
Solving...
Solving...
Solving...
Solving...
Solving...
Solving...
Solving...
Solving...
Solving...
Solving...
Solving...
Solving...
Solving...
Solving...
Solving...
Solving...
Solving...
Solving...
Solving...
Solving...
Solving...
Solving...
Solving...
Solving...
Solving...
Solving...
Solving...
Solving...
Solving...
Solving...
Solving...
Solving...
Solving...
Solving...
Solving...
Solving...
Solving...
Solving...
Solving...
Solving...
Solving...
Solving...
Solving...
Solving...
Solving...
Solving...
Solving...
Solving...
Solving...
Solving...
Solving...
Solving...
Solving...
Solving...
Solving...
Solving...
Solving...
Solving...
Solving...
Solving...
Solving...
Solving...
Solving...
Solving...
Solving...
Solving...
Solving...
Solving...
Solving...
Solving...
Solving...
Solving...
Solving...
Solving...
Solving...
Solving...
Solving...
Solving...
Solving...
Solving...
Solving...
Solving...
Solving...
Solving...
Solving...
Solving...
Solving...
Solving...
Solving...
Solving...
Solving...
Solving...
Solving...
Solving...
Solving...
Solving...
Solving...
Solving...
Solving...
Solving...
Solving...
Solving...
Solving...
Solving...
Solving...
Solving...
Solving...
Solving...
Solving...
Solving...
Solving...
Solving...
Solving...
Solving...
Solving...
Solving...
Solving...
Solving...
Solving...
Solving...
Solving...
Solving...
Solving...
Solving...
Solving...
Solving...
Solving...
Solving...
Solving...
Solving...
Solving...
Solving...
Solving...
Solving...
Solving...
Solving...
Solving...
Solving...
Solving...
Solving...
Solving...
Solving...
Solving...
Solving...
Solving...
Solving...
Solving...
Solving...
Solving...
Solving...
Solving...
Solving...
Solving...
Solving...
Solving...
Solving...
Solving...
Solving...
Solving...
Solving...
Solving...
Solving...
Solving...
Solving...
Solving...
Solving...
Solving...
Solving...
Solving...
Solving...
Solving...
Solving...
Solving...
Solving...
Solving...
Solving...
Solving...
Solving...
Solving...
Solving...
Solving...
Solving...
Solving...
Solving...
Solving...
Solving...
Solving...
Solving...
Solving...
Solving...
Solving...
Solving...
Solving...
Solving...
Solving...
Solving...
Solving...
Solving...
Solving...
Solving...
Solving...
Solving...
Solving...
Solving...
Solving...
Solving...
Solving...
Solving...
Solving...
Solving...
Solving...
Solving...
Solving...
Solving...
Solving...
Solving...
Solving...
Solving...
Solving...
Solving...
Solving...
Solving...
Solving...
Solving...
Solving...
Solving...
Solving...
Solving...
Solving...
Solving...
UNKNOWN

INTERRUPTED  : 1
Models       : 6725+
Calls        : 3365
Time         : 1007.094s (Solving: 977.55s 1st Model: 813.53s Unsat: 0.00s)
CPU Time     : 1005.313s

Choices      : 463050344
Conflicts    : 4450010  (Analyzed: 1608398)
Restarts     : 6984     (Average: 230.30 Last: 114359)
Model-Level  : 8623.4  
Problems     : 3365     (Average Length: 1635.99 Splits: 0)
Lemmas       : 1608398  (Deleted: 1532984)
  Binary     : 267      (Ratio:   0.02%)
  Ternary    : 63207    (Ratio:   3.93%)
  Conflict   : 1608398  (Average Length:   22.3 Ratio: 100.00%) 
  Loop       : 0        (Average Length:    0.0 Ratio:   0.00%) 
  Other      : 0        (Average Length:    0.0 Ratio:   0.00%) 
Backjumps    : 1608398  (Average: 271.87 Max: 9539 Sum: 437278848)
  Executed   : 1607831  (Average: 271.25 Max: 7844 Sum: 436271856 Ratio:  99.77%)
  Bounded    : 567      (Average: 1776.00 Max: 1776 Sum: 1006992 Ratio:   0.23%)

Rules        : 148405  
  Choice     : 12240   
Atoms        : 145442  
Bodies       : 67583   
Equivalences : 242989   (Atom=Atom: 69100 Body=Body: 39260 Other: 134629)
Tight        : Yes
Variables    : 15396    (Eliminated:    0 Frozen: 15396)
Constraints  : 6466     (Binary: 100.0% Ternary:   0.0% Other:   0.0%)

DifferenceLogic
  Time init(s): 6.66942
  Mutexes    : 0
  [Thread 0]
    Propagation(s): 338.485
    Dijkstra(s): 0
    Undo(s)  : 32.6221
    True edges: 0
    False edges: 0
    False edges (inverse): 0
    False edges (partial): 0
    False edges (partial+): 0
    Edges added: 1.38869e+09
    Edges skipped: 1.25523e+09
    Edges propagated: 0
    Cost consistency: 1.00747e+10
    Cost forward: 0
    Cost backward: 0
Completion Time for Window 1 : 1700 
Completion Time for Window 2 : 3397 
Number of Interrupted Calls : 2 
Number of UnInterrupted Calls : 0 
